1.940816
2.480658
3.044943
3.591769
4.138594
4.682336
5.229161
5.775986
6.381383
6.927778
7.795351
8.346916
8.898503
9.443016
9.992766
10.548209
11.096281
11.644376
12.221701
12.768821
13.315918
13.899161
14.446825
14.993311
15.541565
16.089819
16.653061
17.201315
17.749569
18.335351
18.882925
19.437370
19.985102
20.532812
21.082336
21.629841
22.177347
22.773016
23.323537
23.884785
24.435374
24.985964
25.564467
26.117846
26.671224
27.221655
27.773991
28.334467
28.886667
29.438866
30.011723
30.562222
31.112721
31.676508
32.226168
32.770340
33.315737
33.861156
34.435669
34.980930
35.526190
36.105782
36.652698
37.204104
37.751814
38.299524
38.851451
39.399909
39.948367
40.474240