1.907302
2.401814
2.896327
3.330612
3.712290
4.093991
4.520839
4.903583
5.286304
5.669025
6.270317
6.652834
7.035351
7.417868
7.813537
8.196236
8.578934
8.959206
9.340726
9.722245
10.103764
10.539410
10.923175
11.306961
11.690726
12.108027
12.490272
12.872517
13.254762
13.661451
14.043107
14.424762
14.806417
15.220317
15.603084
15.985850
16.391542
16.773696
17.155828
17.537982
17.949569
18.332200
18.714807
19.097438
19.505805
19.888549
20.271293
20.654036
21.102268
21.683537
22.264807
22.828163
23.404875
23.980454
24.554762
25.129070
25.719274
26.293401
26.869728