1.649229
2.053492
2.457755
2.861995
3.280181
3.683537
4.086893
4.492698
4.896077
5.299433
5.702812
6.131723
6.532698
6.933673
7.334649
7.762789
8.163991
8.565193
8.978526
9.380295
9.782041
10.183787
10.620612
11.022268
11.423923
11.825578
12.246190
12.647007
13.047823
13.482222
13.883923
14.285624
14.687302
15.105011
15.506599
15.908186
16.309773
16.724671
17.125737
17.526780
17.966145
18.367234
18.768322
19.169433
19.593333
19.997302
20.401247
20.796644
21.199297
21.601973
22.004649
22.459297
22.863084
23.266893
23.670680
24.096485
24.500499
24.904490
25.316485
25.718617
26.120748
26.522902
26.934603
27.336939
27.739297
28.141633
28.578299
28.980385
29.382472
29.803515
30.206213
30.608934
31.011633
31.411542
31.811973
32.212404
32.612834
33.063696
33.464875
33.866077
34.289546
34.691701
35.093878
35.496032
35.927619
36.330295
36.732993
37.135669
37.530862
37.933039
38.335193
38.768209
39.169864
39.571542
39.973220
40.407755
40.809524
41.211293
41.616576